1101
1102
1103
1104
1203
1210
1215
1216
1218
1219
1225
1227
1229
1231
1236
1256
1262
1301
1303
1304
1305
1307
1308
1309
1310
1313
1314
1316
1319
1326
1337
1338
1340
1402
1409
1436
1440
1441
1442
1444
1447
1452
1455
1457
1459
1460
1464
1465
1466
1467
1476
1477
1514
1516
1519
1522
1525
1528
1529
1530
1532
1533
1536
1541
1583
1587
1589
1590
1598
1609
1618
1708
1709
1710
1711
1714
1715
1717
1718
1720
1725
1727
1731
1734
1736
1773
1786
1789
1802
1806
1808
1809
1902
1904
1905
1907
1909
2002
2002A
2007
2014
2017
2020
2023
2027
2030
2032
2034
2038
2049
2059
2101
2102
2103
2104
2105
2106
2108
2109
2114
2115
2208
2231
2236
2239
2301
2302
2311
2317
2324
2327
2328
2332
2337
2345
2347
2352
2353
2354
2356
2357
2360
2365
2367
2379
2383
2384
2385
2392
2395
2403
2406
2415
2419
2423
2425
2431
2437
2439
2441
2442
2454
2455
2462
2463
2464
2472
2478
2489
2492
2496
2498
2499
2504
2505
2506
2509
2511
2514
2516
2524
2530
2534
2536
2537
2539
2542
2547
2548
2603
2605
2609
2611
2613
2615
2618
2637
2701
2702
2705
2706
2722
2723
2801
2812
2823
2834
2836
2838
2841
2845
2851
2855
2856
2867
2880
2881
2882
2883
2884
2886
2887
2888
2889
2890
2891
2892
2903
2905
2906
2911
2915
2923
2929
3003
3015
3016
3017
3018
3022
3023
3024
3026
3027
3029
3030
3031
3032
3033
3035
3036
3042
3043
3044
3047
3048
3052
3056
3057
3059
3090
3094
3164
3209
3229
3231
3257
3305
3308
3311
3312
3356
3376
3413
3419
3450
3454
3481
3494
3501
3504
3514
3518
3519
3528
3534
3535
3557
3559
3561
3573
3576
3579
3584
3588
3591
3596
3598
3605
3622
3645
3653
3665
3673
3686
3697
3702
3703
3706
4104
4106
4119
4133
4137
4141
4155
4306
4426
4526
4532
4552
4557
4720
4722
4733
4737
4746
4763
4764
4906
4912
4916
4927
4934
4942
4943
4958
4960
4968
4976
4977
4984
4994
4999
5007
5203
5215
5234
5243
5258
5269
5285
5434
5469
5515
5519
5525
5533
5534
5608
5706
5854
5871
5880
5906
6005
6112
6116
6119
6128
6136
6142
6152
6153
6155
6164
6165
6166
6168
6176
6177
6184
6191
6192
6197
6206
6213
6224
6226
6239
6243
6251
6269
6271
6278
6283
6285
6286
6409
6414
6415
6422
6442
6452
6464
6477
6525
6531
6573
6625
6666
6702
8008
8016
8021
8039
8046
8070
8101
8103
8110
8114
8163
8201
8210
8213
8215
8261
8271
8374
8404
8411
8427
8429
8462
8480
8926
8940
8996
9105
9802
9904
9907
9910
9911
9912
9914
9917
9918
9921
9925
9926
9927
9930
9934
9938
9939
9940
9941
9944
9945
9946
9955
9958
